FromTaxiNode,ToTaxiNode,Distance
2,4,1795.0
5,4,3453.0
12,4,2296.0
19,4,3962.0
195,4,1481.0
583,4,603.0
584,4,753.0
622,4,789.0
2,5,2784.0
4,5,3453.0
12,5,1456.0
71,5,1179.0
589,5,926.0
615,5,606.0
600,5,928.0
2,6,4343.0
8,6,1873.0
7,6,1101.0
14,6,4160.0
16,6,3831.0
16,6,3831.0
43,6,5175.0
59,6,5509.0
66,6,5760.0
67,6,8236.0
74,6,1731.0
606,6,5093.0
619,6,1068.0
620,6,988.0
658,6,3311.0
2,12,2423.0
4,12,2296.0
5,12,1456.0
19,12,4317.0
45,12,2255.0
195,12,1333.0
582,12,1727.0
622,12,1545.0
1538,12,2516.0
2,19,5632.0
4,19,3962.0
12,19,4317.0
195,19,3202.0
591,19,1031.0
602,19,3791.0
2,45,4535.0
12,45,2255.0
71,45,2835.0
598,45,1018.0
602,45,1729.0
2,71,3263.0
5,71,1179.0
45,71,2835.0
74,71,2398.0
599,71,1792.0
634,71,1341.0
676,71,959.0
2,74,2826.0
6,74,1731.0
8,74,2093.0
71,74,2398.0
673,74,575.0
2,195,2601.0
4,195,1481.0
12,195,1333.0
19,195,3202.0
590,195,1498.0
622,195,776.0
1538,195,3451.0
2,582,718.0
12,582,1727.0
589,582,1393.0
2,584,1269.0
4,584,753.0
4,2,1795.0
5,2,2784.0
6,2,4343.0
12,2,2423.0
19,2,5632.0
45,2,4535.0
71,2,3263.0
74,2,2826.0
195,2,2601.0
168,2,735.0
582,2,718.0
584,2,1269.0
4,583,603.0
4,622,789.0
12,622,1545.0
195,622,776.0
5,589,926.0
582,589,1393.0
5,615,606.0
596,615,671.0
5,600,928.0
598,600,986.0
6,8,1873.0
7,8,2702.0
16,8,4202.0
74,8,2093.0
554,8,1322.0
555,8,1346.0
620,8,1383.0
633,8,1263.0
662,8,3851.0
6,7,1101.0
8,7,2702.0
14,7,3087.0
16,7,3083.0
46,7,2811.0
551,7,1337.0
6,14,4160.0
7,14,3087.0
16,14,2068.0
43,14,1790.0
66,14,1880.0
175,14,4790.0
6,16,3831.0
8,16,4202.0
7,16,3083.0
14,16,2068.0
43,16,1608.0
553,16,1417.0
618,16,2223.0
658,16,2290.0
6,43,5175.0
14,43,1790.0
16,43,1608.0
66,43,864.0
67,43,3885.0
618,43,2103.0
650,43,1307.0
6,59,5509.0
6,66,5760.0
14,66,1880.0
43,66,864.0
67,66,4134.0
383,66,1615.0
650,66,467.0
651,66,988.0
6,67,8236.0
43,67,3885.0
66,67,4134.0
205,67,5120.0
213,67,10855.0
315,67,336.0
383,67,2667.0
618,67,2316.0
630,67,929.0
86,67,625.0
635,67,8967.0
6,213,18739.0
67,213,10855.0
82,213,3647.0
205,213,6279.0
6,619,1068.0
620,619,1085.0
6,620,988.0
8,620,1383.0
619,620,1085.0
6,658,3311.0
16,658,2290.0
17,658,2163.0
21,658,3944.0
552,658,1253.0
657,658,637.0
665,658,1059.0
6,606,5093.0
605,606,1899.0
8,554,1322.0
552,554,807.0
8,555,1346.0
635,555,982.0
8,633,1263.0
634,633,940.0
635,633,474.0
8,662,3851.0
666,662,2539.0
664,662,1310.0
7,551,1337.0
552,551,734.0
553,551,739.0
11,10,1672.0
13,10,2461.0
645,10,1075.0
646,10,1393.0
654,10,634.0
681,10,577.0
11,13,1955.0
10,13,2461.0
17,13,2772.0
76,13,3896.0
383,13,2670.0
384,13,1749.0
601,13,1175.0
617,13,1948.0
667,13,727.0
669,13,577.0
670,13,649.0
11,17,4511.0
13,17,2772.0
21,17,5858.0
76,17,1255.0
601,17,1911.0
617,17,1117.0
661,17,4196.0
658,17,2163.0
11,21,8677.0
17,21,5858.0
20,21,6291.0
18,21,8306.0
56,21,3874.0
70,21,863.0
75,21,1339.0
632,21,1103.0
635,21,1445.0
661,21,4720.0
658,21,3944.0
11,68,5655.0
76,68,2971.0
83,68,5516.0
205,68,5119.0
315,68,334.0
383,68,2670.0
630,68,932.0
86,68,627.0
635,68,8966.0
11,60,2963.0
11,76,5454.0
13,76,3896.0
17,76,1255.0
68,76,2971.0
617,76,1994.0
11,383,2985.0
13,383,2670.0
66,383,1615.0
67,383,2667.0
68,383,2670.0
384,383,1965.0
617,383,1966.0
618,383,2151.0
87,383,1001.0
651,383,941.0
11,384,1021.0
13,384,1749.0
383,384,1965.0
460,384,1240.0
645,384,1786.0
649,384,873.0
670,384,1129.0
11,460,712.0
384,460,1240.0
645,460,1069.0
11,601,3129.0
13,601,1175.0
17,601,1911.0
669,601,659.0
11,608,8021.0
75,608,4900.0
610,608,1317.0
11,645,765.0
10,645,1075.0
384,645,1786.0
460,645,1069.0
681,645,620.0
10,11,1672.0
13,11,1955.0
17,11,4511.0
21,11,8677.0
60,11,2963.0
68,11,5655.0
76,11,5454.0
383,11,2985.0
384,11,1021.0
460,11,712.0
601,11,3129.0
608,11,8021.0
645,11,765.0
10,646,1393.0
654,646,860.0
10,654,634.0
646,654,860.0
668,654,1005.0
10,681,577.0
645,681,620.0
12,1538,2516.0
195,1538,3451.0
598,1538,1091.0
13,669,577.0
601,669,659.0
667,669,523.0
13,617,1948.0
17,617,1117.0
76,617,1994.0
383,617,1966.0
649,617,1972.0
13,667,727.0
668,667,974.0
669,667,523.0
13,670,649.0
384,670,1129.0
16,553,1417.0
551,553,739.0
552,553,698.0
16,618,2223.0
43,618,2103.0
67,618,2316.0
383,618,2151.0
17,661,4196.0
21,661,4720.0
656,661,1692.0
659,661,1107.0
660,661,1235.0
20,18,2062.0
21,18,8306.0
56,18,5500.0
592,18,1175.0
603,18,4133.0
20,56,3945.0
18,56,5500.0
21,56,3874.0
70,56,3148.0
599,56,945.0
604,56,682.0
1537,56,1440.0
20,70,5437.0
21,70,863.0
56,70,3148.0
75,70,1443.0
599,70,2808.0
676,70,450.0
20,592,1047.0
18,592,1175.0
593,592,1947.0
20,593,1013.0
592,593,1947.0
1537,593,3070.0
18,20,2062.0
21,20,6291.0
56,20,3945.0
70,20,5437.0
592,20,1047.0
593,20,1013.0
18,603,4133.0
604,603,1449.0
21,75,1339.0
70,75,1443.0
608,75,4900.0
673,75,584.0
21,632,1103.0
635,632,485.0
21,635,1445.0
67,635,8967.0
68,635,8966.0
555,635,982.0
632,635,485.0
633,635,474.0
634,635,1383.0
19,591,1031.0
590,591,839.0
19,602,3791.0
45,602,1729.0
23,22,5317.0
25,22,2732.0
29,22,2388.0
30,22,3257.0
38,22,3284.0
40,22,7039.0
42,22,3227.0
44,22,7906.0
55,22,3471.0
58,22,4663.0
63,22,9309.0
77,22,1997.0
363,22,1123.0
369,22,1222.0
390,22,1669.0
402,22,1176.0
23,25,2853.0
22,25,2732.0
29,25,3900.0
30,25,4213.0
40,25,6763.0
42,25,4862.0
44,25,5440.0
48,25,6012.0
55,25,2717.0
58,25,5263.0
61,25,2745.0
77,25,1920.0
80,25,1261.0
354,25,1693.0
363,25,2359.0
390,25,1067.0
458,25,1777.0
23,40,8909.0
25,40,6763.0
22,40,7039.0
30,40,4010.0
42,40,4822.0
55,40,4064.0
72,40,4659.0
79,40,2317.0
80,40,6200.0
386,40,2722.0
513,40,1024.0
531,40,2747.0
539,40,1613.0
2059,40,4147.0
23,44,2606.0
25,44,5440.0
22,44,7906.0
48,44,6178.0
53,44,3674.0
61,44,3970.0
613,44,903.0
614,44,1300.0
683,44,2205.0
23,61,1907.0
25,61,2745.0
44,61,3970.0
58,61,3728.0
166,61,2057.0
350,61,2159.0
354,61,1141.0
356,61,1388.0
683,61,1775.0
23,55,5174.0
25,55,2717.0
22,55,3471.0
30,55,2241.0
40,55,4064.0
77,55,1497.0
80,55,2438.0
179,55,1470.0
391,55,1153.0
23,48,5234.0
25,48,6012.0
44,48,6178.0
58,48,2242.0
53,48,4611.0
69,48,2959.0
166,48,1527.0
597,48,2195.0
23,53,5021.0
44,53,3674.0
48,53,4611.0
69,53,2573.0
559,53,1611.0
597,53,2992.0
23,198,9399.0
23,80,2757.0
25,80,1261.0
28,80,5098.0
32,80,3024.0
39,80,6291.0
40,80,6200.0
55,80,2438.0
64,80,3618.0
388,80,1248.0
387,80,2309.0
23,354,2234.0
25,354,1693.0
61,354,1141.0
350,354,2514.0
356,354,1430.0
362,354,2205.0
458,354,1174.0
23,537,1581.0
536,537,1057.0
23,613,2037.0
44,613,903.0
23,616,2296.0
167,616,1306.0
557,616,1590.0
683,616,1089.0
23,683,1207.0
44,683,2205.0
61,683,1775.0
616,683,1089.0
23,458,1175.0
25,458,1777.0
354,458,1174.0
25,23,2853.0
22,23,5317.0
40,23,8909.0
44,23,2606.0
48,23,5234.0
55,23,5174.0
53,23,5021.0
61,23,1907.0
80,23,2757.0
354,23,2234.0
458,23,1175.0
537,23,1581.0
608,23,11006.0
613,23,2037.0
616,23,2296.0
683,23,1207.0
25,29,3900.0
22,29,2388.0
38,29,3524.0
58,29,2385.0
350,29,2590.0
360,29,1238.0
363,29,1690.0
362,29,1062.0
368,29,2092.0
366,29,1850.0
540,29,915.0
25,30,4213.0
22,30,3257.0
40,30,4010.0
42,30,1132.0
55,30,2241.0
77,30,2301.0
179,30,2313.0
391,30,1280.0
513,30,3469.0
25,58,5263.0
22,58,4663.0
29,58,2385.0
48,58,2242.0
61,58,3728.0
166,58,2457.0
350,58,1581.0
360,58,1179.0
25,42,4862.0
22,42,3227.0
30,42,1132.0
38,42,4053.0
40,42,4822.0
72,42,2475.0
366,42,4475.0
391,42,2209.0
569,42,1709.0
2059,42,2834.0
25,77,1920.0
22,77,1997.0
30,77,2301.0
55,77,1497.0
390,77,1360.0
391,77,1137.0
25,363,2359.0
22,363,1123.0
29,363,1690.0
38,363,3894.0
360,363,2747.0
362,363,1071.0
25,390,1067.0
22,390,1669.0
77,390,1360.0
391,390,2492.0
22,38,3284.0
29,38,3524.0
42,38,4053.0
363,38,3894.0
368,38,1782.0
366,38,1676.0
370,38,1615.0
568,38,1491.0
22,369,1222.0
37,369,725.0
368,369,770.0
370,369,1433.0
22,402,1176.0
28,26,4633.0
32,26,12038.0
33,26,5630.0
27,26,1601.0
37,26,7505.0
41,26,12189.0
64,26,5923.0
49,26,2161.0
65,26,1987.0
339,26,2534.0
94,26,16010.0
28,33,1950.0
26,33,5630.0
37,33,2019.0
339,33,3147.0
338,33,1946.0
351,33,1876.0
365,33,1266.0
361,33,1412.0
364,33,2637.0
368,33,3187.0
367,33,3980.0
541,33,918.0
28,64,3593.0
26,64,5923.0
32,64,6578.0
52,64,4165.0
65,64,4028.0
80,64,3618.0
167,64,733.0
28,32,7882.0
26,32,12038.0
31,32,4738.0
37,32,7061.0
39,32,3443.0
64,32,6578.0
80,32,3024.0
179,32,1488.0
388,32,1951.0
28,166,1544.0
48,166,1527.0
58,166,2457.0
61,166,2057.0
65,166,2308.0
167,166,2115.0
339,166,1778.0
338,166,1981.0
350,166,1239.0
594,166,2160.0
595,166,880.0
28,167,2918.0
64,167,733.0
166,167,2115.0
616,167,1306.0
28,339,2187.0
26,339,2534.0
33,339,3147.0
65,339,2374.0
166,339,1778.0
338,339,1202.0
595,339,1058.0
28,338,1414.0
33,338,1946.0
166,338,1981.0
339,338,1202.0
28,351,923.0
33,351,1876.0
37,351,2415.0
361,351,987.0
364,351,1668.0
387,351,2546.0
26,28,4633.0
32,28,7882.0
33,28,1950.0
64,28,3593.0
80,28,5098.0
166,28,1544.0
167,28,2918.0
339,28,2187.0
338,28,1414.0
351,28,923.0
26,27,1601.0
62,27,3435.0
457,27,2282.0
94,27,17590.0
26,41,12189.0
31,41,2180.0
37,41,4686.0
73,41,2697.0
365,41,5444.0
367,41,2800.0
565,41,1351.0
567,41,814.0
2058,41,2803.0
26,49,2161.0
52,49,2350.0
65,49,1387.0
559,49,2165.0
26,37,7505.0
32,37,7061.0
33,37,2019.0
41,37,4686.0
351,37,2415.0
365,37,1081.0
361,37,1440.0
364,37,1610.0
368,37,1218.0
367,37,2220.0
369,37,725.0
370,37,1255.0
26,65,1987.0
52,65,2927.0
64,65,4028.0
49,65,1387.0
166,65,2308.0
339,65,2374.0
594,65,1038.0
26,94,16010.0
27,94,17590.0
624,94,918.0
93,94,1960.0
29,350,2590.0
58,350,1581.0
61,350,2159.0
166,350,1239.0
349,350,1582.0
354,350,2514.0
356,350,1099.0
360,350,1942.0
29,362,1062.0
354,362,2205.0
356,362,1664.0
360,362,1781.0
363,362,1071.0
540,362,1166.0
29,360,1238.0
58,360,1179.0
350,360,1942.0
363,360,2747.0
362,360,1781.0
540,360,629.0
29,368,2092.0
33,368,3187.0
37,368,1218.0
38,368,1782.0
367,368,1146.0
366,368,851.0
369,368,770.0
370,368,1083.0
29,366,1850.0
38,366,1676.0
42,366,4475.0
368,366,851.0
370,366,250.0
29,540,915.0
360,540,629.0
362,540,1166.0
30,179,2313.0
32,179,1488.0
31,179,3328.0
55,179,1470.0
389,179,1699.0
391,179,1992.0
513,179,1658.0
30,391,1280.0
42,391,2209.0
55,391,1153.0
77,391,1137.0
179,391,1992.0
390,391,2492.0
30,513,3469.0
31,513,4131.0
39,513,1120.0
40,513,1024.0
179,513,1658.0
32,31,4738.0
39,31,4422.0
41,31,2180.0
179,31,3328.0
513,31,4131.0
567,31,1411.0
32,39,3443.0
31,39,4422.0
73,39,4560.0
79,39,2256.0
80,39,6291.0
386,39,2683.0
513,39,1120.0
532,39,2447.0
539,39,1531.0
2058,39,4021.0
32,388,1951.0
80,388,1248.0
387,388,2705.0
389,388,1637.0
31,567,1411.0
41,567,814.0
33,364,2637.0
37,364,1610.0
351,364,1668.0
365,364,2410.0
361,364,1254.0
387,364,1376.0
33,361,1412.0
37,361,1440.0
351,361,987.0
365,361,1607.0
364,361,1254.0
541,361,612.0
33,365,1266.0
37,365,1081.0
41,365,5444.0
361,365,1607.0
364,365,2410.0
541,365,1059.0
33,367,3980.0
37,367,2220.0
41,367,2800.0
368,367,1146.0
370,367,1342.0
565,367,1572.0
33,541,918.0
365,541,1059.0
361,541,612.0
27,457,2282.0
456,457,1647.0
56,599,945.0
70,599,2808.0
71,599,1792.0
596,599,422.0
598,599,443.0
56,604,682.0
603,604,1449.0
56,1537,1440.0
593,1537,3070.0
37,370,1255.0
38,370,1615.0
368,370,1083.0
367,370,1342.0
366,370,250.0
369,370,1433.0
38,568,1491.0
569,568,1662.0
39,73,4560.0
41,73,2697.0
79,73,2443.0
386,73,1878.0
653,73,1614.0
39,79,2256.0
40,79,2317.0
72,79,2489.0
73,79,2443.0
386,79,739.0
2058,79,2056.0
2059,79,1895.0
39,386,2683.0
40,386,2722.0
72,386,1938.0
73,386,1878.0
79,386,739.0
2058,386,1383.0
2059,386,1455.0
39,532,2447.0
539,532,1394.0
652,532,1913.0
39,539,1531.0
40,539,1613.0
532,539,1394.0
531,539,1810.0
39,2058,4021.0
41,2058,2803.0
79,2058,2056.0
386,2058,1383.0
653,2058,2049.0
40,72,4659.0
42,72,2475.0
79,72,2489.0
386,72,1938.0
569,72,2447.0
653,72,1565.0
40,531,2747.0
539,531,1810.0
652,531,1426.0
40,2059,4147.0
42,2059,2834.0
79,2059,1895.0
386,2059,1455.0
569,2059,3074.0
653,2059,1216.0
41,565,1351.0
367,565,1572.0
42,569,1709.0
72,569,2447.0
568,569,1662.0
2059,569,3074.0
43,650,1307.0
66,650,467.0
651,650,682.0
44,614,1300.0
45,598,1018.0
599,598,443.0
600,598,986.0
1538,598,1091.0
48,69,2959.0
53,69,2573.0
559,69,2377.0
597,69,766.0
48,597,2195.0
53,597,2992.0
69,597,766.0
594,597,1124.0
50,51,0.0
52,559,1687.0
53,559,1611.0
69,559,2377.0
49,559,2165.0
558,559,1857.0
557,559,1074.0
54,24,6032.0
78,24,9870.0
36,24,3312.0
178,24,7027.0
61,356,1388.0
350,356,1099.0
354,356,1430.0
362,356,1664.0
64,52,4165.0
49,52,2350.0
65,52,2927.0
559,52,1687.0
66,651,988.0
383,651,941.0
649,651,391.0
650,651,682.0
672,651,1008.0
67,205,5120.0
68,205,5119.0
83,205,1255.0
213,205,6279.0
67,315,336.0
68,315,334.0
67,86,625.0
68,86,627.0
84,86,1791.0
630,86,444.0
85,86,738.0
67,630,929.0
68,630,932.0
84,630,1547.0
87,630,815.0
86,630,444.0
68,83,5516.0
82,83,1821.0
205,83,1255.0
625,83,1159.0
65,594,1038.0
166,594,2160.0
595,594,1345.0
597,594,1124.0
70,676,450.0
71,676,959.0
675,676,922.0
71,634,1341.0
633,634,940.0
635,634,1383.0
74,673,575.0
75,673,584.0
675,673,992.0
72,653,1565.0
73,653,1614.0
652,653,2108.0
674,653,2352.0
2058,653,2049.0
2059,653,1216.0
80,387,2309.0
351,387,2546.0
364,387,1376.0
388,387,2705.0
389,387,2914.0
83,82,1821.0
213,82,3647.0
625,82,811.0
631,82,418.0
83,625,1159.0
82,625,811.0
82,631,418.0
84,85,1332.0
87,85,1421.0
86,85,738.0
84,87,1273.0
383,87,1001.0
630,87,815.0
85,87,1421.0
84,672,1538.0
651,672,1008.0
95,96,1.0
101,100,1756.0
121,100,2586.0
128,100,2835.0
129,100,1732.0
149,100,1554.0
101,117,1822.0
119,117,3194.0
128,117,2188.0
125,117,2101.0
156,117,1728.0
164,117,1533.0
100,101,1756.0
117,101,1822.0
129,101,3264.0
100,121,2586.0
119,121,3442.0
128,121,1834.0
124,121,1984.0
100,129,1732.0
149,129,763.0
100,149,1554.0
129,149,763.0
100,128,2835.0
102,128,1733.0
99,128,3374.0
117,128,2188.0
118,128,3248.0
119,128,2193.0
120,128,1920.0
121,128,1834.0
127,128,1142.0
151,128,1931.0
102,99,1679.0
127,99,3320.0
128,99,3374.0
130,99,1657.0
141,99,1570.0
102,118,3802.0
120,118,1630.0
128,118,3248.0
126,118,2860.0
151,118,2604.0
102,120,3106.0
118,120,1630.0
128,120,1920.0
102,151,1305.0
118,151,2604.0
128,151,1931.0
126,151,2489.0
163,151,2003.0
99,102,1679.0
118,102,3802.0
120,102,3106.0
128,102,1733.0
130,102,3101.0
151,102,1305.0
99,130,1657.0
99,127,3320.0
123,127,1921.0
128,127,1142.0
99,141,1570.0
142,141,1309.0
103,104,22.0
107,108,15.0
105,106,9.0
109,110,2.0
111,112,73.0
117,119,3194.0
121,119,3442.0
128,119,2193.0
117,125,2101.0
122,125,3322.0
139,125,4313.0
156,125,1304.0
160,125,1517.0
164,125,1359.0
117,164,1533.0
125,164,1359.0
117,156,1728.0
122,156,2291.0
125,156,1304.0
160,156,1119.0
118,126,2860.0
122,126,2507.0
139,126,3507.0
151,126,2489.0
160,126,742.0
163,126,1380.0
121,124,1984.0
140,124,1679.0
159,124,1037.0
127,123,1921.0
140,123,1808.0
159,123,1780.0
123,140,1808.0
124,140,1679.0
123,159,1780.0
124,159,1037.0
122,150,1751.0
139,150,1623.0
122,139,1249.0
125,139,4313.0
126,139,3507.0
150,139,1623.0
122,160,1908.0
125,160,1517.0
126,160,742.0
156,160,1119.0
122,163,1530.0
126,163,1380.0
151,163,2003.0
125,122,3322.0
126,122,2507.0
139,122,1249.0
150,122,1751.0
156,122,2291.0
160,122,1908.0
163,122,1530.0
148,147,531.0
147,148,531.0
81,36,8655.0
241,36,8655.0
165,175,5127.0
166,595,880.0
339,595,1058.0
594,595,1345.0
171,172,6946.0
172,171,6946.0
175,178,5127.0
175,178,5127.0
224,178,0.0
179,389,1699.0
388,389,1637.0
387,389,2914.0
183,184,1901.0
185,184,2074.0
253,184,2477.0
255,184,2254.0
183,185,1890.0
184,185,2074.0
244,185,3513.0
253,185,2170.0
295,185,686.0
183,295,2134.0
185,295,686.0
190,295,1701.0
248,295,1325.0
294,295,4295.0
183,310,7572.0
191,310,7685.0
245,310,5906.0
251,310,1536.0
252,310,2170.0
257,310,6476.0
260,310,1125.0
294,310,3056.0
305,310,1850.0
308,310,4310.0
320,310,1548.0
303,310,1877.0
332,310,3331.0
334,310,619.0
335,310,588.0
336,310,1243.0
337,310,1164.0
340,310,2698.0
184,183,1901.0
185,183,1890.0
295,183,2134.0
310,183,7572.0
184,255,2254.0
253,255,1884.0
304,255,1839.0
307,255,1363.0
184,253,2477.0
185,253,2170.0
244,253,2076.0
255,253,1884.0
306,253,1828.0
185,244,3513.0
247,244,2695.0
251,244,2286.0
252,244,944.0
253,244,2076.0
294,244,1849.0
306,244,2114.0
305,244,1624.0
336,244,1335.0
190,191,2228.0
192,191,1928.0
249,191,2564.0
310,191,7685.0
190,192,2257.0
191,192,1928.0
250,192,2214.0
249,192,1230.0
248,192,1523.0
190,248,2322.0
192,248,1523.0
250,248,1351.0
254,248,2569.0
295,248,1325.0
190,254,4808.0
250,254,1597.0
248,254,2569.0
252,254,1002.0
256,254,2279.0
260,254,2502.0
294,254,1638.0
306,254,2483.0
305,254,2076.0
192,190,2257.0
191,190,2228.0
248,190,2322.0
254,190,4808.0
295,190,1701.0
192,249,1230.0
191,249,2564.0
250,249,2340.0
304,249,2474.0
307,249,2114.0
306,249,2661.0
192,250,2214.0
249,250,2340.0
248,250,1351.0
254,250,1597.0
306,250,1932.0
195,590,1498.0
591,590,839.0
196,35,9457.0
198,197,21138.0
221,222,311.0
225,226,691.0
289,226,688.0
232,233,2256.0
234,235,909.0
236,237,504.0
244,247,2695.0
245,247,3413.0
246,247,3379.0
251,247,1253.0
252,247,1751.0
294,247,1296.0
296,247,2136.0
303,247,1608.0
244,251,2286.0
247,251,1253.0
252,251,1504.0
305,251,2776.0
310,251,1536.0
303,251,920.0
244,252,944.0
247,252,1751.0
251,252,1504.0
254,252,1002.0
256,252,1296.0
260,252,1586.0
294,252,1086.0
305,252,2203.0
310,252,2170.0
244,294,1849.0
247,294,1296.0
252,294,1086.0
254,294,1638.0
256,294,1238.0
295,294,4295.0
296,294,3140.0
310,294,3056.0
244,306,2114.0
250,306,1932.0
249,306,2661.0
254,306,2483.0
253,306,1828.0
304,306,572.0
305,306,905.0
244,305,1624.0
251,305,2776.0
252,305,2203.0
254,305,2076.0
260,305,2483.0
304,305,1403.0
306,305,905.0
310,305,1850.0
320,305,999.0
336,305,803.0
337,305,713.0
244,336,1335.0
305,336,803.0
310,336,1243.0
320,336,1268.0
245,246,1863.0
247,246,3379.0
289,246,853.0
296,246,1751.0
309,246,1555.0
308,246,1490.0
245,289,1542.0
246,289,853.0
257,289,720.0
258,289,1889.0
259,289,925.0
226,289,688.0
245,296,1301.0
246,296,1751.0
247,296,2136.0
257,296,2197.0
258,296,532.0
294,296,3140.0
246,245,1863.0
247,245,3413.0
235,245,1972.0
289,245,1542.0
296,245,1301.0
310,245,5906.0
246,309,1555.0
259,309,1127.0
308,309,1080.0
325,309,2432.0
246,308,1490.0
259,308,1412.0
309,308,1080.0
310,308,4310.0
325,308,1991.0
303,308,2594.0
332,308,1166.0
247,303,1608.0
251,303,920.0
308,303,2594.0
310,303,1877.0
325,303,3093.0
333,303,3347.0
335,303,2155.0
249,307,2114.0
255,307,1363.0
304,307,957.0
324,307,2164.0
326,307,3832.0
331,307,1236.0
322,307,1821.0
249,304,2474.0
255,304,1839.0
307,304,957.0
306,304,572.0
305,304,1403.0
252,256,1296.0
254,256,2279.0
258,256,2597.0
260,256,1139.0
294,256,1238.0
332,256,2451.0
252,260,1586.0
254,260,2502.0
256,260,1139.0
305,260,2483.0
310,260,1125.0
256,258,2597.0
257,258,2217.0
259,258,1919.0
289,258,1889.0
296,258,532.0
332,258,1626.0
256,332,2451.0
258,332,1626.0
308,332,1166.0
310,332,3331.0
325,332,2462.0
333,332,3523.0
335,332,3500.0
257,259,1643.0
258,259,1919.0
289,259,925.0
309,259,1127.0
308,259,1412.0
258,257,2217.0
259,257,1643.0
235,257,772.0
289,257,720.0
296,257,2197.0
310,257,6476.0
235,225,681.0
262,263,1824.0
266,264,0.0
266,265,0.0
266,241,0.0
267,268,1844.0
271,272,1919.0
273,274,113.0
275,276,122.0
277,278,52.0
280,279,42.0
282,281,105.0
284,283,74.0
290,291,591.0
297,298,1056.0
300,196,13462.0
307,324,2164.0
320,324,2381.0
323,324,2076.0
326,324,1831.0
322,324,526.0
307,331,1236.0
307,326,3832.0
321,326,2442.0
323,326,1167.0
324,326,1831.0
327,326,1063.0
322,326,2017.0
307,322,1821.0
320,322,1917.0
324,322,526.0
326,322,2017.0
305,320,999.0
310,320,1548.0
321,320,928.0
323,320,1701.0
324,320,2381.0
336,320,1268.0
337,320,696.0
322,320,1917.0
305,337,713.0
310,337,1164.0
320,337,696.0
309,325,2432.0
308,325,1991.0
303,325,3093.0
332,325,2462.0
333,325,1810.0
335,325,3894.0
310,334,619.0
321,334,540.0
323,334,1822.0
333,334,3560.0
335,334,580.0
310,335,588.0
325,335,3894.0
303,335,2155.0
332,335,3500.0
333,335,3003.0
334,335,580.0
340,335,2117.0
310,340,2698.0
327,340,1227.0
333,340,1813.0
335,340,2117.0
310,538,5827.0
239,240,527.0
311,312,2659.0
313,312,2131.0
314,312,1509.0
292,293,6.0
316,317,6225.0
318,319,6135.0
227,47,33467.0
320,321,928.0
326,321,2442.0
327,321,1807.0
334,321,540.0
320,323,1701.0
324,323,2076.0
326,323,1167.0
327,323,733.0
334,323,1822.0
321,327,1807.0
323,327,733.0
326,327,1063.0
333,327,3039.0
340,327,1227.0
327,333,3039.0
325,333,1810.0
303,333,3347.0
332,333,3523.0
334,333,3560.0
335,333,3003.0
340,333,1813.0
341,342,870.0
346,347,2221.0
373,374,716.0
384,649,873.0
617,649,1972.0
651,649,391.0
392,393,1.0
394,395,1191.0
404,405,2.0
438,439,1145.0
438,440,354.0
457,456,1647.0
521,522,1717.0
523,522,511.0
525,522,705.0
607,522,922.0
609,522,720.0
522,521,1717.0
522,523,511.0
524,523,1660.0
611,523,704.0
522,525,705.0
526,525,1899.0
612,525,108.0
522,607,922.0
522,609,720.0
523,524,1660.0
611,524,2053.0
523,611,704.0
524,611,2053.0
525,526,1899.0
612,526,1835.0
525,612,108.0
526,612,1835.0
532,652,1913.0
531,652,1426.0
653,652,2108.0
674,652,2470.0
537,536,1057.0
551,552,734.0
554,552,807.0
553,552,698.0
658,552,1253.0
559,558,1857.0
557,558,932.0
559,557,1074.0
558,557,932.0
616,557,1590.0
781,557,819.0
557,781,819.0
586,587,0.0
615,596,671.0
599,596,422.0
606,605,1899.0
608,610,1317.0
94,624,918.0
94,93,1960.0
630,84,1547.0
87,84,1273.0
86,84,1791.0
85,84,1332.0
672,84,1538.0
652,674,2470.0
653,674,2352.0
654,668,1005.0
667,668,974.0
656,657,1417.0
659,657,920.0
658,657,637.0
656,659,1272.0
661,659,1107.0
657,659,920.0
660,659,1411.0
659,660,1411.0
661,660,1235.0
659,656,1272.0
661,656,1692.0
657,656,1417.0
662,664,1310.0
663,664,871.0
665,664,1211.0
666,664,1507.0
662,666,2539.0
665,666,630.0
664,666,1507.0
663,665,1053.0
666,665,630.0
664,665,1211.0
658,665,1059.0
665,663,1053.0
664,663,871.0
673,675,992.0
676,675,922.0
894,895,1347.0
966,895,1812.0
972,895,1854.0
968,895,901.0
973,895,1943.0
971,895,1031.0
970,895,936.0
967,895,705.0
984,895,1532.0
1057,895,2250.0
1058,895,2727.0
1080,895,1073.0
1293,895,3696.0
1294,895,3369.0
894,973,1509.0
895,973,1943.0
971,973,1161.0
1017,973,1480.0
1058,973,1945.0
894,971,1549.0
973,971,1161.0
895,971,1031.0
970,971,519.0
894,984,887.0
895,984,1532.0
985,984,1342.0
986,984,920.0
987,984,1636.0
1029,984,497.0
1052,984,544.0
1057,984,1034.0
1058,984,1850.0
894,1080,1433.0
972,1080,1224.0
895,1080,1073.0
906,907,642.0
966,972,841.0
968,972,988.0
895,972,1854.0
1080,972,1224.0
1293,972,2166.0
966,968,1234.0
972,968,988.0
895,968,901.0
967,968,845.0
966,986,1117.0
984,986,920.0
985,986,1123.0
987,986,961.0
1017,986,2275.0
966,1057,2418.0
895,1057,2250.0
984,1057,1034.0
985,1057,1125.0
1017,1057,794.0
1020,1057,1653.0
1052,1057,616.0
1072,1057,3119.0
1070,1057,2909.0
1073,1057,1813.0
1115,1057,1978.0
1221,1057,4944.0
2544,1057,1177.0
966,1017,2874.0
973,1017,1480.0
986,1017,2275.0
1019,1017,841.0
1020,1017,1231.0
1018,1017,1855.0
1022,1017,1704.0
1029,1017,1038.0
1057,1017,794.0
1058,1017,600.0
966,1190,1053.0
988,1190,968.0
972,966,841.0
968,966,1234.0
895,966,1812.0
986,966,1117.0
1017,966,2874.0
1057,966,2418.0
1190,966,1053.0
972,1293,2166.0
895,1293,3696.0
968,967,845.0
895,967,705.0
969,967,957.0
973,894,1509.0
895,894,1347.0
971,894,1549.0
984,894,887.0
1080,894,1433.0
973,1058,1945.0
895,1058,2727.0
984,1058,1850.0
985,1058,1852.0
1017,1058,600.0
1019,1058,671.0
1052,1058,1498.0
1072,1058,2627.0
1070,1058,2661.0
1073,1058,1566.0
1117,1058,1776.0
1222,1058,4224.0
2544,1058,1076.0
895,970,936.0
971,970,519.0
969,970,352.0
895,1294,3369.0
970,969,352.0
967,969,957.0
984,985,1342.0
986,985,1123.0
987,985,719.0
989,985,1438.0
991,985,1606.0
988,985,1139.0
992,985,2122.0
1052,985,886.0
1057,985,1125.0
1058,985,1852.0
984,987,1636.0
985,987,719.0
986,987,961.0
990,987,1633.0
993,987,1657.0
984,1029,497.0
1017,1029,1038.0
1052,1029,340.0
984,1052,544.0
985,1052,886.0
1029,1052,340.0
1057,1052,616.0
1058,1052,1498.0
985,989,1438.0
990,989,1284.0
991,989,729.0
988,989,2224.0
992,989,1694.0
1070,989,1405.0
1195,989,1448.0
985,992,2122.0
989,992,1694.0
990,992,411.0
991,992,969.0
988,992,1961.0
993,992,1078.0
985,988,1139.0
989,988,2224.0
991,988,1998.0
992,988,1961.0
993,988,1555.0
1190,988,968.0
985,991,1606.0
989,991,729.0
988,991,1998.0
992,991,969.0
993,991,1858.0
1070,991,1917.0
987,990,1633.0
989,990,1284.0
992,990,411.0
993,990,1370.0
1070,990,2428.0
1195,990,904.0
987,993,1657.0
990,993,1370.0
991,993,1858.0
988,993,1555.0
992,993,1078.0
989,1070,1405.0
990,1070,2428.0
991,1070,1917.0
1057,1070,2909.0
1058,1070,2661.0
1072,1070,864.0
1073,1070,1117.0
1071,1070,1259.0
1090,1070,1026.0
989,1195,1448.0
990,1195,904.0
1017,1019,841.0
1018,1019,1276.0
1021,1019,2112.0
1022,1019,922.0
1023,1019,1317.0
1024,1019,1215.0
1058,1019,671.0
1017,1020,1231.0
1018,1020,1600.0
1021,1020,2321.0
1022,1020,1049.0
1023,1020,930.0
1024,1020,663.0
1057,1020,1653.0
1017,1018,1855.0
1019,1018,1276.0
1020,1018,1600.0
1021,1018,892.0
1022,1018,655.0
1017,1022,1704.0
1019,1022,922.0
1020,1022,1049.0
1018,1022,655.0
1021,1022,1272.0
1023,1022,1024.0
1019,1024,1215.0
1020,1024,663.0
1023,1024,839.0
1053,1024,1026.0
1054,1024,840.0
1019,1023,1317.0
1020,1023,930.0
1022,1023,1024.0
1024,1023,839.0
1025,1023,674.0
1019,1021,2112.0
1020,1021,2321.0
1018,1021,892.0
1022,1021,1272.0
1222,1021,1444.0
1221,1021,1428.0
1021,1222,1444.0
1058,1222,4224.0
1021,1221,1428.0
1057,1221,4944.0
1023,1025,674.0
1053,1025,850.0
1073,1025,2600.0
1024,1054,840.0
1053,1054,942.0
1055,1054,1163.0
1072,1054,793.0
1117,1054,717.0
1024,1053,1026.0
1025,1053,850.0
1054,1053,942.0
1055,1053,1277.0
1117,1053,475.0
1025,1073,2600.0
1057,1073,1813.0
1058,1073,1566.0
1072,1073,1378.0
1070,1073,1117.0
1071,1073,1976.0
1053,1055,1277.0
1054,1055,1163.0
1056,1055,363.0
1053,1117,475.0
1054,1117,717.0
1058,1117,1776.0
1054,1072,793.0
1057,1072,3119.0
1058,1072,2627.0
1070,1072,864.0
1073,1072,1378.0
1055,1056,363.0
1057,1115,1978.0
1057,2544,1177.0
1058,2544,1076.0
1070,1071,1259.0
1073,1071,1976.0
1090,1071,889.0
1070,1090,1026.0
1071,1090,889.0
1351,1350,0.0
1383,1381,971.0
1382,1381,796.0
1384,1381,608.0
1476,1381,1387.0
1467,1381,1098.0
1468,1381,931.0
1529,1381,2116.0
1383,1467,499.0
1381,1467,1098.0
1382,1467,1099.0
1475,1467,1282.0
1556,1467,936.0
1529,1467,1118.0
1383,1468,639.0
1381,1468,931.0
1384,1468,923.0
1420,1468,3272.0
1476,1468,1987.0
1556,1468,1144.0
1646,1468,2411.0
1383,1382,1316.0
1381,1382,796.0
1476,1382,1804.0
1467,1382,1099.0
1475,1382,1017.0
1509,1382,1484.0
1383,1556,765.0
1467,1556,936.0
1468,1556,1144.0
1381,1383,971.0
1382,1383,1316.0
1467,1383,499.0
1468,1383,639.0
1556,1383,765.0
1381,1384,608.0
1408,1384,4961.0
1454,1384,3377.0
1453,1384,3355.0
1476,1384,1064.0
1451,1384,1958.0
1468,1384,923.0
1462,1384,2504.0
1475,1384,2329.0
1509,1384,2532.0
1529,1384,2675.0
1569,1384,1716.0
1646,1384,1949.0
1381,1476,1387.0
1382,1476,1804.0
1384,1476,1064.0
1420,1476,4449.0
1447,1476,2242.0
1440,1476,1756.0
1450,1476,2698.0
1451,1476,894.0
1468,1476,1987.0
1475,1476,2811.0
1506,1476,5529.0
1519,1476,4517.0
1518,1476,4606.0
1511,1476,2886.0
1493,1476,3647.0
1515,1476,2186.0
1529,1476,3451.0
1569,1476,1284.0
1646,1476,1885.0
1381,1529,2116.0
1384,1529,2675.0
1408,1529,6703.0
1420,1529,5111.0
1443,1529,5397.0
1476,1529,3451.0
1467,1529,1118.0
1475,1529,1082.0
1382,1475,1017.0
1384,1475,2329.0
1408,1475,6971.0
1420,1475,5491.0
1443,1475,4655.0
1454,1475,4121.0
1453,1475,4084.0
1476,1475,2811.0
1467,1475,1282.0
1487,1475,2988.0
1493,1475,3005.0
1509,1475,1664.0
1529,1475,1082.0
1569,1475,2016.0
1382,1509,1484.0
1384,1509,2532.0
1451,1509,2511.0
1475,1509,1664.0
1508,1509,956.0
1515,1509,773.0
1510,1509,1245.0
1569,1509,1037.0
1386,1387,784.0
1388,1387,1213.0
1389,1387,1775.0
1390,1387,1131.0
1432,1387,1865.0
1386,1390,1141.0
1387,1390,1131.0
1396,1390,836.0
1395,1390,2683.0
1432,1390,757.0
1386,1432,1667.0
1387,1432,1865.0
1389,1432,1832.0
1390,1432,757.0
1396,1432,1045.0
1395,1432,2180.0
1408,1432,8510.0
1443,1432,3757.0
1441,1432,2866.0
1442,1432,3269.0
1450,1432,3366.0
1503,1432,1754.0
1504,1432,2343.0
1505,1432,3143.0
1513,1432,5608.0
1487,1432,6369.0
1510,1432,8000.0
1559,1432,1581.0
1572,1432,2604.0
1574,1432,2256.0
1387,1386,784.0
1390,1386,1141.0
1432,1386,1667.0
1387,1389,1775.0
1388,1389,1294.0
1396,1389,800.0
1395,1389,2539.0
1432,1389,1832.0
1450,1389,4933.0
1503,1389,3565.0
1528,1389,2761.0
1539,1389,2537.0
1572,1389,4187.0
1387,1388,1213.0
1389,1388,1294.0
1396,1388,1766.0
1388,1396,1766.0
1389,1396,800.0
1390,1396,836.0
1432,1396,1045.0
1559,1396,1544.0
1389,1395,2539.0
1390,1395,2683.0
1432,1395,2180.0
1443,1395,2650.0
1442,1395,1091.0
1450,1395,3086.0
1520,1395,1345.0
1514,1395,1186.0
1539,1395,1893.0
1559,1395,611.0
1389,1528,2761.0
1447,1528,2204.0
1450,1528,3059.0
1503,1528,3474.0
1520,1528,1214.0
1519,1528,1550.0
1523,1528,945.0
1511,1528,1471.0
1539,1528,1902.0
1389,1539,2537.0
1395,1539,1893.0
1408,1539,6191.0
1442,1539,1856.0
1520,1539,1126.0
1519,1539,1649.0
1518,1539,2305.0
1514,1539,2762.0
1528,1539,1902.0
1524,1539,934.0
1568,1539,1510.0
1389,1503,3565.0
1432,1503,1754.0
1502,1503,945.0
1504,1503,875.0
1505,1503,1594.0
1507,1503,822.0
1506,1503,1442.0
1528,1503,3474.0
1574,1503,689.0
1389,1450,4933.0
1395,1450,3086.0
1432,1450,3366.0
1408,1450,7215.0
1420,1450,6686.0
1443,1450,1283.0
1445,1450,264.0
1454,1450,1015.0
1447,1450,1396.0
1448,1450,987.0
1453,1450,1053.0
1452,1450,1453.0
1476,1450,2698.0
1462,1450,1276.0
1502,1450,2030.0
1504,1450,1878.0
1506,1450,2927.0
1513,1450,2363.0
1487,1450,3134.0
1493,1450,3872.0
1528,1450,3059.0
1569,1450,2918.0
1389,1572,4187.0
1432,1572,2604.0
1505,1572,662.0
1507,1572,773.0
1506,1572,1376.0
1574,1572,659.0
1573,1572,1709.0
1396,1559,1544.0
1395,1559,611.0
1432,1559,1581.0
1395,1514,1186.0
1408,1514,5654.0
1443,1514,1581.0
1441,1514,957.0
1442,1514,1050.0
1512,1514,537.0
1539,1514,2762.0
1395,1442,1091.0
1432,1442,3269.0
1408,1442,5267.0
1443,1442,2575.0
1504,1442,4173.0
1520,1442,778.0
1514,1442,1050.0
1512,1442,1180.0
1524,1442,2681.0
1539,1442,1856.0
1568,1442,1563.0
1395,1443,2650.0
1432,1443,3757.0
1408,1443,5935.0
1441,1443,935.0
1442,1443,2575.0
1445,1443,1021.0
1440,1443,591.0
1450,1443,1283.0
1462,1443,1100.0
1475,1443,4655.0
1504,1443,2975.0
1514,1443,1581.0
1512,1443,1446.0
1487,1443,3690.0
1515,1443,3131.0
1529,1443,5397.0
1569,1443,2737.0
1644,1443,821.0
1395,1520,1345.0
1442,1520,778.0
1519,1520,619.0
1523,1520,1181.0
1528,1520,1214.0
1524,1520,1906.0
1539,1520,1126.0
1568,1520,1040.0
1384,1451,1958.0
1447,1451,1532.0
1440,1451,1247.0
1453,1451,1576.0
1476,1451,894.0
1462,1451,575.0
1509,1451,2511.0
1384,1462,2504.0
1443,1462,1100.0
1445,1462,1103.0
1454,1462,1039.0
1448,1462,1320.0
1440,1462,1393.0
1450,1462,1276.0
1453,1462,1036.0
1451,1462,575.0
1515,1462,2032.0
1569,1462,1751.0
1384,1454,3377.0
1445,1454,1079.0
1450,1454,1015.0
1452,1454,817.0
1462,1454,1039.0
1475,1454,4121.0
1513,1454,1351.0
1569,1454,2156.0
1384,1569,1716.0
1408,1569,6593.0
1420,1569,5448.0
1443,1569,2737.0
1454,1569,2156.0
1447,1569,3058.0
1450,1569,2918.0
1453,1569,2121.0
1476,1569,1284.0
1462,1569,1751.0
1475,1569,2016.0
1487,1569,1898.0
1493,1569,2414.0
1515,1569,1006.0
1509,1569,1037.0
1510,1569,2274.0
1384,1408,4961.0
1432,1408,8510.0
1443,1408,5935.0
1442,1408,5267.0
1450,1408,7215.0
1475,1408,6971.0
1514,1408,5654.0
1512,1408,5180.0
1539,1408,6191.0
1529,1408,6703.0
1568,1408,4681.0
1569,1408,6593.0
1621,1408,2690.0
1384,1453,3355.0
1448,1453,1783.0
1450,1453,1053.0
1452,1453,821.0
1451,1453,1576.0
1462,1453,1036.0
1475,1453,4084.0
1513,1453,1314.0
1569,1453,2121.0
1384,1646,1949.0
1440,1646,1804.0
1476,1646,1885.0
1468,1646,2411.0
1621,1646,1090.0
1643,1646,1550.0
1644,1646,2042.0
1620,1646,679.0
1645,1646,2037.0
1648,1646,955.0
1647,1646,1000.0
1432,1504,2343.0
1443,1504,2975.0
1441,1504,2538.0
1442,1504,4173.0
1445,1504,2103.0
1450,1504,1878.0
1503,1504,875.0
1502,1504,278.0
1505,1504,1920.0
1487,1504,4275.0
1432,1487,6369.0
1443,1487,3690.0
1450,1487,3134.0
1475,1487,2988.0
1504,1487,4275.0
1505,1487,5460.0
1513,1487,772.0
1508,1487,407.0
1515,1487,892.0
1569,1487,1898.0
1573,1487,4867.0
1432,1441,2866.0
1443,1441,935.0
1445,1441,1253.0
1504,1441,2538.0
1514,1441,957.0
1512,1441,1166.0
1644,1441,951.0
1432,1513,5608.0
1454,1513,1351.0
1450,1513,2363.0
1453,1513,1314.0
1452,1513,1322.0
1487,1513,772.0
1493,1513,1510.0
1508,1513,967.0
1515,1513,935.0
1432,1574,2256.0
1503,1574,689.0
1505,1574,924.0
1507,1574,293.0
1572,1574,659.0
1573,1574,1780.0
1432,1505,3143.0
1503,1505,1594.0
1502,1505,1718.0
1504,1505,1920.0
1487,1505,5460.0
1572,1505,662.0
1574,1505,924.0
1573,1505,1049.0
1432,1510,8000.0
1493,1510,1402.0
1508,1510,1476.0
1515,1510,1795.0
1509,1510,1245.0
1569,1510,2274.0
1408,1512,5180.0
1443,1512,1446.0
1441,1512,1166.0
1442,1512,1180.0
1514,1512,537.0
1643,1512,856.0
1644,1512,663.0
1408,1568,4681.0
1442,1568,1563.0
1520,1568,1040.0
1519,1568,816.0
1518,1568,862.0
1523,1568,1891.0
1524,1568,1799.0
1539,1568,1510.0
1580,1568,1337.0
1647,1568,2812.0
1408,1621,2690.0
1643,1621,1819.0
1644,1621,2702.0
1646,1621,1090.0
1647,1621,903.0
1420,1518,4595.0
1476,1518,4606.0
1519,1518,927.0
1523,1518,1783.0
1511,1518,2393.0
1524,1518,2660.0
1539,1518,2305.0
1568,1518,862.0
1643,1518,1954.0
1620,1518,2820.0
1420,1620,2536.0
1518,1620,2820.0
1643,1620,1787.0
1645,1620,2503.0
1646,1620,679.0
1647,1620,939.0
1421,1422,0.0
1443,1445,1021.0
1441,1445,1253.0
1454,1445,1079.0
1450,1445,264.0
1462,1445,1103.0
1504,1445,2103.0
1443,1440,591.0
1447,1440,649.0
1476,1440,1756.0
1451,1440,1247.0
1462,1440,1393.0
1643,1440,1350.0
1644,1440,588.0
1645,1440,672.0
1646,1440,1804.0
1648,1440,935.0
1443,1515,3131.0
1476,1515,2186.0
1462,1515,2032.0
1513,1515,935.0
1487,1515,892.0
1508,1515,625.0
1509,1515,773.0
1510,1515,1795.0
1569,1515,1006.0
1443,1644,821.0
1441,1644,951.0
1440,1644,588.0
1512,1644,663.0
1621,1644,2702.0
1643,1644,1061.0
1646,1644,2042.0
1648,1644,1088.0
1442,1524,2681.0
1520,1524,1906.0
1519,1524,2278.0
1518,1524,2660.0
1539,1524,934.0
1568,1524,1799.0
1454,1452,817.0
1450,1452,1453.0
1453,1452,821.0
1502,1452,2216.0
1513,1452,1322.0
1447,1448,427.0
1450,1448,987.0
1453,1448,1783.0
1462,1448,1320.0
1447,1511,1052.0
1476,1511,2886.0
1518,1511,2393.0
1523,1511,861.0
1528,1511,1471.0
1643,1511,940.0
1645,1511,486.0
1447,1523,1879.0
1520,1523,1181.0
1519,1523,1076.0
1518,1523,1783.0
1511,1523,861.0
1528,1523,945.0
1568,1523,1891.0
1447,1506,4149.0
1450,1506,2927.0
1476,1506,5529.0
1503,1506,1442.0
1502,1506,1020.0
1507,1506,792.0
1519,1506,6219.0
1493,1506,5023.0
1572,1506,1376.0
1573,1506,971.0
1447,1493,4739.0
1450,1493,3872.0
1476,1493,3647.0
1475,1493,3005.0
1506,1493,5023.0
1513,1493,1510.0
1508,1493,841.0
1510,1493,1402.0
1569,1493,2414.0
1573,1493,5255.0
1447,1519,2925.0
1476,1519,4517.0
1506,1519,6219.0
1520,1519,619.0
1518,1519,927.0
1523,1519,1076.0
1528,1519,1550.0
1524,1519,2278.0
1539,1519,1649.0
1568,1519,816.0
1447,1645,696.0
1440,1645,672.0
1511,1645,486.0
1643,1645,982.0
1620,1645,2503.0
1646,1645,2037.0
1648,1645,1083.0
1448,1447,427.0
1440,1447,649.0
1450,1447,1396.0
1476,1447,2242.0
1451,1447,1532.0
1506,1447,4149.0
1519,1447,2925.0
1523,1447,1879.0
1511,1447,1052.0
1493,1447,4739.0
1528,1447,2204.0
1569,1447,3058.0
1645,1447,696.0
1440,1643,1350.0
1518,1643,1954.0
1512,1643,856.0
1511,1643,940.0
1621,1643,1819.0
1644,1643,1061.0
1620,1643,1787.0
1645,1643,982.0
1646,1643,1550.0
1648,1643,860.0
1647,1643,917.0
1440,1648,935.0
1643,1648,860.0
1644,1648,1088.0
1645,1648,1083.0
1646,1648,955.0
1647,1648,1034.0
1450,1502,2030.0
1452,1502,2216.0
1503,1502,945.0
1504,1502,278.0
1505,1502,1718.0
1507,1502,1031.0
1506,1502,1020.0
1574,1502,1179.0
1573,1502,1987.0
1450,1420,6686.0
1476,1420,4449.0
1468,1420,3272.0
1475,1420,5491.0
1518,1420,4595.0
1529,1420,5111.0
1569,1420,5448.0
1620,1420,2536.0
1503,1507,822.0
1502,1507,1031.0
1506,1507,792.0
1572,1507,773.0
1574,1507,293.0
1502,1573,1987.0
1505,1573,1049.0
1506,1573,971.0
1487,1573,4867.0
1493,1573,5255.0
1572,1573,1709.0
1574,1573,1780.0
1513,1508,967.0
1487,1508,407.0
1493,1508,841.0
1515,1508,625.0
1509,1508,956.0
1510,1508,1476.0
1568,1580,1337.0
1568,1647,2812.0
1621,1647,903.0
1643,1647,917.0
1620,1647,939.0
1646,1647,1000.0
1648,1647,1034.0
1615,1861,1739.0
1622,1861,850.0
1837,1861,1594.0
1615,1613,967.0
1622,1613,737.0
1633,1613,1454.0
1673,1613,1725.0
1859,1613,1015.0
1858,1613,2153.0
1880,1613,2198.0
1615,1673,1056.0
1613,1673,1725.0
1713,1673,867.0
1766,1673,550.0
1859,1673,1987.0
1880,1673,1336.0
1615,1713,1415.0
1673,1713,867.0
1766,1713,794.0
1815,1713,1261.0
1885,1713,945.0
1615,1859,1735.0
1613,1859,1015.0
1633,1859,1429.0
1673,1859,1987.0
1774,1859,1944.0
1858,1859,1373.0
1880,1859,1758.0
1615,1858,2392.0
1613,1858,2153.0
1758,1858,1418.0
1759,1858,1766.0
1774,1858,2519.0
1859,1858,1373.0
1879,1858,1688.0
1856,1858,2784.0
1880,1858,813.0
1615,1880,2086.0
1613,1880,2198.0
1673,1880,1336.0
1766,1880,1367.0
1764,1880,1000.0
1758,1880,1140.0
1777,1880,1587.0
1859,1880,1758.0
1858,1880,813.0
1615,1885,1523.0
1713,1885,945.0
1815,1885,1818.0
1622,1633,1012.0
1613,1633,1454.0
1774,1633,1836.0
1859,1633,1429.0
1837,1633,813.0
1870,1633,2891.0
1622,1837,1307.0
1633,1837,813.0
1861,1837,1594.0
1860,1837,467.0
1613,1622,737.0
1633,1622,1012.0
1861,1622,850.0
1837,1622,1307.0
1613,1615,967.0
1673,1615,1056.0
1713,1615,1415.0
1859,1615,1735.0
1861,1615,1739.0
1858,1615,2392.0
1880,1615,2086.0
1885,1615,1523.0
1633,1774,1836.0
1859,1774,1944.0
1879,1774,3006.0
1863,1774,3635.0
1856,1774,1332.0
1858,1774,2519.0
1860,1774,2322.0
1870,1774,2556.0
1941,1774,1367.0
1633,1870,2891.0
1774,1870,2556.0
1856,1870,3355.0
1860,1870,2229.0
1660,1661,26.0
1661,1660,26.0
1738,1739,766.0
1742,1739,921.0
1863,1739,561.0
1738,1741,1207.0
1753,1741,1351.0
1759,1741,1238.0
1778,1741,594.0
1761,1741,1759.0
1857,1741,911.0
1738,1759,1252.0
1741,1759,1238.0
1745,1759,863.0
1747,1759,626.0
1719,1759,1350.0
1753,1759,1852.0
1758,1759,676.0
1778,1759,902.0
1879,1759,1253.0
1857,1759,1849.0
1858,1759,1766.0
1738,1778,1474.0
1741,1778,594.0
1747,1778,795.0
1719,1778,913.0
1753,1778,1051.0
1759,1778,902.0
1857,1778,1485.0
1738,1879,1197.0
1745,1879,844.0
1758,1879,1652.0
1759,1879,1253.0
1774,1879,3006.0
1863,1879,1279.0
1862,1879,3850.0
1856,1879,2440.0
1858,1879,1688.0
1738,1857,1033.0
1741,1857,911.0
1742,1857,805.0
1745,1857,1411.0
1747,1857,1230.0
1759,1857,1849.0
1778,1857,1485.0
1761,1857,2371.0
1855,1857,2391.0
1738,1742,962.0
1739,1742,921.0
1745,1742,1435.0
1747,1742,1564.0
1744,1742,749.0
1857,1742,805.0
1863,1742,1440.0
1855,1742,2308.0
1739,1738,766.0
1741,1738,1207.0
1742,1738,962.0
1759,1738,1252.0
1778,1738,1474.0
1879,1738,1197.0
1857,1738,1033.0
1739,1863,561.0
1742,1863,1440.0
1745,1863,1383.0
1744,1863,1440.0
1774,1863,3635.0
1879,1863,1279.0
1862,1863,3300.0
1856,1863,2625.0
1741,1753,1351.0
1719,1753,790.0
1754,1753,1053.0
1756,1753,1801.0
1759,1753,1852.0
1767,1753,943.0
1760,1753,1386.0
1778,1753,1051.0
1761,1753,868.0
1855,1753,4155.0
1741,1761,1759.0
1753,1761,868.0
1754,1761,1483.0
1756,1761,1426.0
1857,1761,2371.0
1855,1761,3866.0
1742,1744,749.0
1863,1744,1440.0
1855,1744,2165.0
1742,1855,2308.0
1744,1855,2165.0
1753,1855,4155.0
1761,1855,3866.0
1857,1855,2391.0
1742,1745,1435.0
1747,1745,558.0
1759,1745,863.0
1879,1745,844.0
1857,1745,1411.0
1863,1745,1383.0
1742,1747,1564.0
1745,1747,558.0
1759,1747,626.0
1778,1747,795.0
1857,1747,1230.0
1719,1755,1529.0
1754,1755,589.0
1756,1755,1599.0
1767,1755,959.0
1760,1755,527.0
1777,1755,1323.0
1815,1755,1951.0
1719,1758,1185.0
1764,1758,1469.0
1759,1758,676.0
1777,1758,1195.0
1879,1758,1652.0
1858,1758,1418.0
1880,1758,1140.0
1719,1760,1077.0
1753,1760,1386.0
1755,1760,527.0
1754,1760,600.0
1767,1760,519.0
1777,1760,803.0
1719,1754,1136.0
1753,1754,1053.0
1755,1754,589.0
1756,1754,1374.0
1767,1754,648.0
1760,1754,600.0
1761,1754,1483.0
1719,1767,572.0
1753,1767,943.0
1755,1767,959.0
1754,1767,648.0
1760,1767,519.0
1777,1767,701.0
1719,1777,833.0
1755,1777,1323.0
1764,1777,1004.0
1758,1777,1195.0
1767,1777,701.0
1760,1777,803.0
1880,1777,1587.0
1753,1719,790.0
1755,1719,1529.0
1754,1719,1136.0
1758,1719,1185.0
1759,1719,1350.0
1767,1719,572.0
1760,1719,1077.0
1778,1719,913.0
1777,1719,833.0
1753,1756,1801.0
1755,1756,1599.0
1754,1756,1374.0
1761,1756,1426.0
1673,1766,550.0
1713,1766,794.0
1764,1766,721.0
1815,1766,1439.0
1880,1766,1367.0
1713,1815,1261.0
1755,1815,1951.0
1766,1815,1439.0
1885,1815,1818.0
